,B_iso_or_equiv
0,86.04
1,86.04
2,86.04
3,86.04
4,86.04
5,86.04
6,86.04
7,86.04
8,98.32
9,98.32
10,98.32
11,98.32
12,98.32
13,98.32
14,98.32
15,98.32
16,98.77
17,98.77
18,98.77
19,98.77
20,98.77
21,98.77
22,98.77
23,98.77
24,98.77
25,98.77
26,98.77
27,98.77
28,98.72
29,98.72
30,98.72
31,98.72
32,98.72
33,98.72
34,98.72
35,98.72
36,98.68
37,98.68
38,98.68
39,98.68
40,98.68
41,98.68
42,98.68
43,98.54
44,98.54
45,98.54
46,98.54
47,98.54
48,98.54
49,98.54
50,98.54
51,98.54
52,98.6
53,98.6
54,98.6
55,98.6
56,98.6
57,98.32
58,98.32
59,98.32
60,98.32
61,98.32
62,98.32
63,98.32
64,98.32
65,97.62
66,97.62
67,97.62
68,97.62
69,97.62
70,97.25
71,97.25
72,97.25
73,97.25
74,97.25
75,97.25
76,97.25
77,97.25
78,97.25
79,97.25
80,97.25
81,97.25
82,95.07
83,95.07
84,95.07
85,95.07
86,95.07
87,95.07
88,95.07
89,95.07
90,95.4
91,95.4
92,95.4
93,95.4
94,96.33
95,96.33
96,96.33
97,96.33
98,96.33
99,96.33
100,96.33
101,96.33
102,96.33
103,97.42
104,97.42
105,97.42
106,97.42
107,97.42
108,97.42
109,97.42
110,97.95
111,97.95
112,97.95
113,97.95
114,97.95
115,97.95
116,97.95
117,97.95
118,97.95
119,97.95
120,97.95
121,98.43
122,98.43
123,98.43
124,98.43
125,98.43
126,98.67
127,98.67
128,98.67
129,98.67
130,98.67
131,98.67
132,98.67
133,98.67
134,98.67
135,98.67
136,98.67
137,98.67
138,98.72
139,98.72
140,98.72
141,98.72
142,98.72
143,98.8
144,98.8
145,98.8
146,98.8
147,98.8
148,98.78
149,98.78
150,98.78
151,98.78
152,98.78
153,98.78
154,98.78
155,98.78
156,98.78
157,98.78
158,98.78
159,98.82
160,98.82
161,98.82
162,98.82
163,98.82
164,98.82
165,98.82
166,98.75
167,98.75
168,98.75
169,98.75
170,98.75
171,98.75
172,98.75
173,98.61
174,98.61
175,98.61
176,98.61
177,98.61
178,98.61
179,98.61
180,98.61
181,98.56
182,98.56
183,98.56
184,98.56
185,98.56
186,98.56
187,98.56
188,98.56
189,98.81
190,98.81
191,98.81
192,98.81
193,98.81
194,98.81
195,98.81
196,98.7
197,98.7
198,98.7
199,98.7
200,98.7
201,98.7
202,98.7
203,98.7
204,98.67
205,98.67
206,98.67
207,98.67
208,98.67
209,98.67
210,98.67
211,98.67
212,98.67
213,98.62
214,98.62
215,98.62
216,98.62
217,98.62
218,98.62
219,98.62
220,98.62
221,98.62
222,98.62
223,98.62
224,98.62
225,98.62
226,98.54
227,98.54
228,98.54
229,98.54
230,98.54
231,98.54
232,98.54
233,98.54
234,98.54
235,98.54
236,98.54
237,98.34
238,98.34
239,98.34
240,98.34
241,98.34
242,98.34
243,98.34
244,98.34
245,98.34
246,98.34
247,98.34
248,98.15
249,98.15
250,98.15
251,98.15
252,98.15
253,98.15
254,98.15
255,98.15
256,98.15
257,98.15
258,98.01
259,98.01
260,98.01
261,98.01
262,98.69
263,98.69
264,98.69
265,98.69
266,98.69
267,98.69
268,98.69
269,98.66
270,98.66
271,98.66
272,98.66
273,98.66
274,98.66
275,98.66
276,98.66
277,98.66
278,98.66
279,98.66
280,98.66
281,98.66
282,98.66
283,98.62
284,98.62
285,98.62
286,98.62
287,98.62
288,98.62
289,98.62
290,98.6
291,98.6
292,98.6
293,98.6
294,98.6
295,98.6
296,98.6
297,98.7
298,98.7
299,98.7
300,98.7
301,98.7
302,98.77
303,98.77
304,98.77
305,98.77
306,98.77
307,98.77
308,98.63
309,98.63
310,98.63
311,98.63
312,98.63
313,98.77
314,98.77
315,98.77
316,98.77
317,98.77
318,98.81
319,98.81
320,98.81
321,98.81
322,98.81
323,98.81
324,98.81
325,98.81
326,98.8
327,98.8
328,98.8
329,98.8
330,98.79
331,98.79
332,98.79
333,98.79
334,98.79
335,98.79
336,98.79
337,98.79
338,98.79
339,98.79
340,98.79
341,98.86
342,98.86
343,98.86
344,98.86
345,98.86
346,98.86
347,98.86
348,98.84
349,98.84
350,98.84
351,98.84
352,98.84
353,98.84
354,98.84
355,98.84
356,98.87
357,98.87
358,98.87
359,98.87
360,98.87
361,98.87
362,98.87
363,98.79
364,98.79
365,98.79
366,98.79
367,98.79
368,98.71
369,98.71
370,98.71
371,98.71
372,98.71
373,98.71
374,98.78
375,98.78
376,98.78
377,98.78
378,98.78
379,98.78
380,98.78
381,98.78
382,98.6
383,98.6
384,98.6
385,98.6
386,98.6
387,98.6
388,98.6
389,98.6
390,98.03
391,98.03
392,98.03
393,98.03
394,98.03
395,98.03
396,98.03
397,98.03
398,97.9
399,97.9
400,97.9
401,97.9
402,97.57
403,97.57
404,97.57
405,97.57
406,97.57
407,96.04
408,96.04
409,96.04
410,96.04
411,96.04
412,96.04
413,96.04
414,96.04
415,95.5
416,95.5
417,95.5
418,95.5
419,95.5
420,95.5
421,95.5
422,95.5
423,93.02
424,93.02
425,93.02
426,93.02
427,93.02
428,93.02
429,93.02
430,93.02
431,93.02
432,93.5
433,93.5
434,93.5
435,93.5
436,93.33
437,93.33
438,93.33
439,93.33
440,93.33
441,93.33
442,93.33
443,93.33
444,95.5
445,95.5
446,95.5
447,95.5
448,95.5
449,95.5
450,95.5
451,95.5
452,96.77
453,96.77
454,96.77
455,96.77
456,96.77
457,96.77
458,96.77
459,96.77
460,96.77
461,97.91
462,97.91
463,97.91
464,97.91
465,97.91
466,97.91
467,97.91
468,97.91
469,98.34
470,98.34
471,98.34
472,98.34
473,98.34
474,98.34
475,98.34
476,98.66
477,98.66
478,98.66
479,98.66
480,98.66
481,98.66
482,98.66
483,98.68
484,98.68
485,98.68
486,98.68
487,98.68
488,98.68
489,98.68
490,98.68
491,98.68
492,98.85
493,98.85
494,98.85
495,98.85
496,98.85
497,98.85
498,98.85
499,98.85
500,98.54
501,98.54
502,98.54
503,98.54
504,98.54
505,98.54
506,98.54
507,98.54
508,98.54
509,98.5
510,98.5
511,98.5
512,98.5
513,98.13
514,98.13
515,98.13
516,98.13
517,98.42
518,98.42
519,98.42
520,98.42
521,98.52
522,98.52
523,98.52
524,98.52
525,98.52
526,98.52
527,98.52
528,98.62
529,98.62
530,98.62
531,98.62
532,98.62
533,98.62
534,98.62
535,98.62
536,98.54
537,98.54
538,98.54
539,98.54
540,98.54
541,98.54
542,98.54
543,98.54
544,98.54
545,98.78
546,98.78
547,98.78
548,98.78
549,98.78
550,98.78
551,98.78
552,98.78
553,98.76
554,98.76
555,98.76
556,98.76
557,98.76
558,98.76
559,98.76
560,98.77
561,98.77
562,98.77
563,98.77
564,98.77
565,98.47
566,98.47
567,98.47
568,98.47
569,98.47
570,98.47
571,98.47
572,98.47
573,98.52
574,98.52
575,98.52
576,98.52
577,98.52
578,97.93
579,97.93
580,97.93
581,97.93
582,97.93
583,97.93
584,97.93
585,97.93
586,97.34
587,97.34
588,97.34
589,97.34
590,97.34
591,97.66
592,97.66
593,97.66
594,97.66
595,97.66
596,97.66
597,97.66
598,97.66
599,97.66
600,98.16
601,98.16
602,98.16
603,98.16
604,98.66
605,98.66
606,98.66
607,98.66
608,98.66
609,98.66
610,98.66
611,98.66
612,98.66
613,98.73
614,98.73
615,98.73
616,98.73
617,98.73
618,98.73
619,98.73
620,98.54
621,98.54
622,98.54
623,98.54
624,98.54
625,98.54
626,98.54
627,98.54
628,98.54
629,98.54
630,98.54
631,98.69
632,98.69
633,98.69
634,98.69
635,98.69
636,98.7
637,98.7
638,98.7
639,98.7
640,98.7
641,98.7
642,98.7
643,98.7
644,98.7
645,98.7
646,98.7
647,98.7
648,98.64
649,98.64
650,98.64
651,98.64
652,98.64
653,98.64
654,98.64
655,98.33
656,98.33
657,98.33
658,98.33
659,98.33
660,98.33
661,98.46
662,98.46
663,98.46
664,98.46
665,98.46
666,98.46
667,98.46
668,98.46
669,98.13
670,98.13
671,98.13
672,98.13
673,98.13
674,98.13
675,98.13
676,98.42
677,98.42
678,98.42
679,98.42
680,98.42
681,98.42
682,98.42
683,98.42
684,98.42
685,98.42
686,98.42
687,98.42
688,98.42
689,98.42
690,98.42
691,98.42
692,97.91
693,97.91
694,97.91
695,97.91
696,97.91
697,97.91
698,97.91
699,97.91
700,97.91
701,97.91
702,97.08
703,97.08
704,97.08
705,97.08
706,97.08
707,97.08
708,97.08
709,97.08
710,97.08
711,97.08
712,97.08
713,96.06
714,96.06
715,96.06
716,96.06
717,96.06
718,96.06
719,96.06
720,96.06
721,96.08
722,96.08
723,96.08
724,96.08
725,96.08
726,96.08
727,96.08
728,96.08
729,94.88
730,94.88
731,94.88
732,94.88
733,94.88
734,94.88
735,94.88
736,94.88
737,92.63
738,92.63
739,92.63
740,92.63
741,92.63
742,92.63
743,92.63
744,92.63
745,92.63
746,91.2
747,91.2
748,91.2
749,91.2
750,91.2
751,91.2
752,91.2
753,91.2
754,91.2
755,91.84
756,91.84
757,91.84
758,91.84
759,93.78
760,93.78
761,93.78
762,93.78
763,93.78
764,93.78
765,93.78
766,93.78
767,93.78
768,96.5
769,96.5
770,96.5
771,96.5
772,96.5
773,96.5
774,96.5
775,96.5
776,97.79
777,97.79
778,97.79
779,97.79
780,97.79
781,97.79
782,97.79
783,97.79
784,98.32
785,98.32
786,98.32
787,98.32
788,98.32
789,98.32
790,98.32
791,98.28
792,98.28
793,98.28
794,98.28
795,98.28
796,98.28
797,98.28
798,98.28
799,98.28
800,98.28
801,98.28
802,98.31
803,98.31
804,98.31
805,98.31
806,98.31
807,98.31
808,98.31
809,98.31
810,98.31
811,98.31
812,98.31
813,98.63
814,98.63
815,98.63
816,98.63
817,98.63
818,98.69
819,98.69
820,98.69
821,98.69
822,98.69
823,98.69
824,98.69
825,98.45
826,98.45
827,98.45
828,98.45
829,98.19
830,98.19
831,98.19
832,98.19
833,98.19
834,98.19
835,98.19
836,97.72
837,97.72
838,97.72
839,97.72
840,97.72
841,97.72
842,97.72
843,97.72
844,98.03
845,98.03
846,98.03
847,98.03
848,98.53
849,98.53
850,98.53
851,98.53
852,98.53
853,98.53
854,98.53
855,98.68
856,98.68
857,98.68
858,98.68
859,98.68
860,98.68
861,98.68
862,98.68
863,98.21
864,98.21
865,98.21
866,98.21
867,98.21
868,98.21
869,98.24
870,98.24
871,98.24
872,98.24
873,98.24
874,98.24
875,98.24
876,96.97
877,96.97
878,96.97
879,96.97
880,96.97
881,96.97
882,96.97
883,95.89
884,95.89
885,95.89
886,95.89
887,95.89
888,95.89
889,95.89
890,95.89
891,95.89
892,93.21
893,93.21
894,93.21
895,93.21
896,93.21
897,93.21
898,93.21
899,93.21
900,89.44
901,89.44
902,89.44
903,89.44
904,89.44
905,89.44
906,89.44
907,89.44
908,81.89
909,81.89
910,81.89
911,81.89
912,69.34
913,69.34
914,69.34
915,69.34
916,69.34
917,69.34
918,69.34
919,69.34
920,70.47
921,70.47
922,70.47
923,70.47
924,70.47
925,70.47
926,70.47
927,70.47
928,70.47
929,70.47
930,70.47
931,71.31
932,71.31
933,71.31
934,71.31
935,71.31
936,71.31
937,71.31
938,71.31
939,71.31
940,81.55
941,81.55
942,81.55
943,81.55
944,81.55
945,81.55
946,81.55
947,81.55
948,81.55
949,81.55
950,81.55
951,88.5
952,88.5
953,88.5
954,88.5
955,88.5
956,88.5
957,88.5
958,88.5
959,88.5
960,88.5
961,88.5
962,92.21
963,92.21
964,92.21
965,92.21
966,92.21
967,92.21
968,92.21
969,94.82
970,94.82
971,94.82
972,94.82
973,97.35
974,97.35
975,97.35
976,97.35
977,97.35
978,97.35
979,97.35
980,97.35
981,97.35
982,98.16
983,98.16
984,98.16
985,98.16
986,98.16
987,98.16
988,98.16
989,98.16
990,98.16
991,98.16
992,98.16
993,98.16
994,98.16
995,98.16
996,98.16
997,98.16
998,98.49
999,98.49
1000,98.49
1001,98.49
1002,98.49
1003,98.49
1004,98.49
1005,98.49
1006,97.6
1007,97.6
1008,97.6
1009,97.6
1010,97.6
1011,97.6
1012,97.6
1013,97.16
1014,97.16
1015,97.16
1016,97.16
1017,97.16
1018,97.16
1019,97.22
1020,97.22
1021,97.22
1022,97.22
1023,97.53
1024,97.53
1025,97.53
1026,97.53
1027,97.53
1028,97.53
1029,97.53
1030,97.53
1031,97.53
1032,98.29
1033,98.29
1034,98.29
1035,98.29
1036,98.29
1037,98.29
1038,98.29
1039,98.29
1040,97.39
1041,97.39
1042,97.39
1043,97.39
1044,97.38
1045,97.38
1046,97.38
1047,97.38
1048,97.38
1049,97.38
1050,97.38
1051,97.38
1052,98.52
1053,98.52
1054,98.52
1055,98.52
1056,98.52
1057,98.52
1058,98.52
1059,98.52
1060,98.54
1061,98.54
1062,98.54
1063,98.54
1064,98.54
1065,98.54
1066,98.54
1067,98.54
1068,98.54
1069,98.54
1070,98.54
1071,98.1
1072,98.1
1073,98.1
1074,98.1
1075,98.1
1076,98.1
1077,98.1
1078,98.05
1079,98.05
1080,98.05
1081,98.05
1082,98.05
1083,98.05
1084,98.05
1085,98.05
1086,98.05
1087,98.05
1088,98.05
1089,98.05
1090,98.19
1091,98.19
1092,98.19
1093,98.19
1094,98.19
1095,98.19
1096,98.19
1097,98.19
1098,98.19
1099,98.19
1100,98.19
1101,98.19
1102,97.5
1103,97.5
1104,97.5
1105,97.5
1106,97.5
1107,97.5
1108,97.5
1109,97.5
1110,96.68
1111,96.68
1112,96.68
1113,96.68
1114,96.68
1115,96.68
1116,96.68
1117,95.37
1118,95.37
1119,95.37
1120,95.37
1121,95.37
1122,95.37
1123,91.59
1124,91.59
1125,91.59
1126,91.59
1127,91.59
1128,91.59
1129,90.41
1130,90.41
1131,90.41
1132,90.41
1133,90.41
1134,90.41
1135,90.41
1136,90.41
1137,90.41
1138,92.24
1139,92.24
1140,92.24
1141,92.24
1142,92.24
1143,92.24
1144,92.24
1145,92.24
1146,92.24
1147,89.39
1148,89.39
1149,89.39
1150,89.39
1151,89.39
1152,89.39
1153,89.39
1154,94.48
1155,94.48
1156,94.48
1157,94.48
1158,94.48
1159,94.48
1160,94.48
1161,96.4
1162,96.4
1163,96.4
1164,96.4
1165,96.4
1166,96.4
1167,97.13
1168,97.13
1169,97.13
1170,97.13
1171,97.13
1172,97.13
1173,98.16
1174,98.16
1175,98.16
1176,98.16
1177,98.16
1178,98.16
1179,98.16
1180,97.74
1181,97.74
1182,97.74
1183,97.74
1184,98.49
1185,98.49
1186,98.49
1187,98.49
1188,98.49
1189,98.49
1190,98.49
1191,98.01
1192,98.01
1193,98.01
1194,98.01
1195,98.59
1196,98.59
1197,98.59
1198,98.59
1199,98.59
1200,98.59
1201,98.59
1202,98.02
1203,98.02
1204,98.02
1205,98.02
1206,98.02
1207,98.02
1208,98.02
1209,98.02
1210,98.2
1211,98.2
1212,98.2
1213,98.2
1214,98.2
1215,98.2
1216,98.2
1217,97.59
1218,97.59
1219,97.59
1220,97.59
1221,97.59
1222,97.59
1223,97.59
1224,97.59
1225,95.44
1226,95.44
1227,95.44
1228,95.44
1229,95.44
1230,95.44
1231,95.44
1232,97.66
1233,97.66
1234,97.66
1235,97.66
1236,97.66
1237,97.66
1238,97.66
1239,97.66
1240,97.74
1241,97.74
1242,97.74
1243,97.74
1244,97.74
1245,97.74
1246,97.74
1247,97.74
1248,98.38
1249,98.38
1250,98.38
1251,98.38
1252,98.38
1253,98.38
1254,98.38
1255,98.56
1256,98.56
1257,98.56
1258,98.56
1259,98.56
1260,98.56
1261,98.56
1262,98.56
1263,98.23
1264,98.23
1265,98.23
1266,98.23
1267,98.23
1268,98.23
1269,98.23
1270,98.23
1271,98.45
1272,98.45
1273,98.45
1274,98.45
1275,98.45
1276,98.72
1277,98.72
1278,98.72
1279,98.72
1280,98.72
1281,98.63
1282,98.63
1283,98.63
1284,98.63
1285,98.59
1286,98.59
1287,98.59
1288,98.59
1289,98.55
1290,98.55
1291,98.55
1292,98.55
1293,98.55
1294,98.55
1295,98.55
1296,98.55
1297,98.55
1298,98.55
1299,98.55
1300,98.49
1301,98.49
1302,98.49
1303,98.49
1304,98.49
1305,98.49
1306,98.49
1307,98.49
1308,98.02
1309,98.02
1310,98.02
1311,98.02
1312,98.02
1313,98.02
1314,98.02
1315,98.02
1316,97.77
1317,97.77
1318,97.77
1319,97.77
1320,97.77
1321,97.77
1322,97.77
1323,97.77
1324,97.77
1325,96.07
1326,96.07
1327,96.07
1328,96.07
1329,96.07
1330,96.07
1331,96.07
1332,96.07
1333,94.31
1334,94.31
1335,94.31
1336,94.31
1337,94.31
1338,94.31
1339,94.31
1340,94.31
1341,92.07
1342,92.07
1343,92.07
1344,92.07
1345,92.07
1346,92.07
1347,92.07
1348,92.35
1349,92.35
1350,92.35
1351,92.35
1352,94.59
1353,94.59
1354,94.59
1355,94.59
1356,94.59
1357,94.59
1358,94.59
1359,94.86
1360,94.86
1361,94.86
1362,94.86
1363,94.86
1364,94.86
1365,94.86
1366,94.86
1367,94.51
1368,94.51
1369,94.51
1370,94.51
1371,94.51
1372,94.51
1373,94.51
1374,94.51
1375,95.63
1376,95.63
1377,95.63
1378,95.63
1379,95.63
1380,95.63
1381,95.63
1382,95.63
1383,95.63
1384,94.45
1385,94.45
1386,94.45
1387,94.45
1388,94.45
1389,94.45
1390,94.45
1391,94.1
1392,94.1
1393,94.1
1394,94.1
1395,94.1
1396,94.1
1397,94.1
1398,94.1
1399,94.83
1400,94.83
1401,94.83
1402,94.83
1403,94.83
1404,94.83
1405,94.83
1406,95.0
1407,95.0
1408,95.0
1409,95.0
1410,95.0
1411,95.0
1412,95.0
1413,95.0
1414,95.0
1415,94.95
1416,94.95
1417,94.95
1418,94.95
1419,94.95
1420,94.95
1421,94.95
1422,94.95
1423,93.55
1424,93.55
1425,93.55
1426,93.55
1427,93.55
1428,93.55
1429,93.55
1430,93.55
1431,93.55
1432,94.51
1433,94.51
1434,94.51
1435,94.51
1436,94.51
1437,94.51
1438,94.51
1439,94.51
1440,94.51
1441,94.2
1442,94.2
1443,94.2
1444,94.2
1445,94.2
1446,94.2
1447,94.2
1448,94.2
1449,94.2
1450,94.2
1451,94.2
1452,93.24
1453,93.24
1454,93.24
1455,93.24
1456,93.24
1457,93.24
1458,93.24
1459,93.24
1460,90.8
1461,90.8
1462,90.8
1463,90.8
1464,90.8
1465,90.8
1466,91.77
1467,91.77
1468,91.77
1469,91.77
1470,91.77
1471,91.77
1472,91.77
1473,91.77
1474,91.77
1475,90.81
1476,90.81
1477,90.81
1478,90.81
1479,90.81
1480,90.81
1481,90.81
1482,93.21
1483,93.21
1484,93.21
1485,93.21
1486,93.21
1487,93.21
1488,93.21
1489,93.21
1490,93.21
1491,93.92
1492,93.92
1493,93.92
1494,93.92
1495,93.92
1496,93.92
1497,93.92
1498,95.04
1499,95.04
1500,95.04
1501,95.04
1502,95.04
1503,95.04
1504,95.04
1505,95.04
1506,92.73
1507,92.73
1508,92.73
1509,92.73
1510,92.73
1511,92.73
1512,95.76
1513,95.76
1514,95.76
1515,95.76
1516,95.76
1517,95.76
1518,95.76
1519,95.76
1520,95.76
1521,97.03
1522,97.03
1523,97.03
1524,97.03
1525,97.03
1526,97.03
1527,97.03
1528,97.03
1529,97.59
1530,97.59
1531,97.59
1532,97.59
1533,97.59
1534,97.59
1535,97.59
1536,97.59
1537,97.13
1538,97.13
1539,97.13
1540,97.13
1541,97.13
1542,97.13
1543,97.13
1544,97.13
1545,97.13
1546,97.07
1547,97.07
1548,97.07
1549,97.07
1550,97.07
1551,97.07
1552,97.07
1553,97.07
1554,97.07
1555,96.93
1556,96.93
1557,96.93
1558,96.93
1559,98.01
1560,98.01
1561,98.01
1562,98.01
1563,98.01
1564,98.01
1565,98.01
1566,98.01
1567,98.33
1568,98.33
1569,98.33
1570,98.33
1571,98.33
1572,98.33
1573,98.33
1574,98.54
1575,98.54
1576,98.54
1577,98.54
1578,98.54
1579,98.54
1580,98.54
1581,98.49
1582,98.49
1583,98.49
1584,98.49
1585,98.49
1586,98.49
1587,98.49
1588,98.49
1589,98.49
1590,98.05
1591,98.05
1592,98.05
1593,98.05
1594,98.05
1595,98.05
1596,98.05
1597,98.05
1598,98.05
1599,97.79
1600,97.79
1601,97.79
1602,97.79
1603,97.79
1604,97.79
1605,97.79
1606,97.79
1607,98.03
1608,98.03
1609,98.03
1610,98.03
1611,98.03
1612,98.03
1613,98.03
1614,98.03
1615,97.55
1616,97.55
1617,97.55
1618,97.55
1619,97.55
1620,97.55
1621,97.55
1622,97.55
1623,97.55
1624,96.02
1625,96.02
1626,96.02
1627,96.02
1628,96.02
1629,96.02
1630,96.02
1631,96.02
1632,96.02
1633,95.66
1634,95.66
1635,95.66
1636,95.66
1637,95.66
1638,95.66
1639,95.66
1640,96.65
1641,96.65
1642,96.65
1643,96.65
1644,96.65
1645,96.65
1646,96.65
1647,96.65
1648,95.31
1649,95.31
1650,95.31
1651,95.31
1652,95.74
1653,95.74
1654,95.74
1655,95.74
1656,95.74
1657,95.74
1658,95.74
1659,95.74
1660,95.74
1661,97.05
1662,97.05
1663,97.05
1664,97.05
1665,97.05
1666,97.05
1667,97.05
1668,97.05
1669,97.05
1670,97.7
1671,97.7
1672,97.7
1673,97.7
1674,97.7
1675,97.7
1676,97.7
1677,98.43
1678,98.43
1679,98.43
1680,98.43
1681,98.43
1682,98.43
1683,98.43
1684,98.43
1685,98.43
1686,98.48
1687,98.48
1688,98.48
1689,98.48
1690,98.48
1691,98.48
1692,98.48
1693,98.48
1694,98.11
1695,98.11
1696,98.11
1697,98.11
1698,98.11
1699,98.11
1700,98.11
1701,98.11
1702,97.78
1703,97.78
1704,97.78
1705,97.78
1706,97.78
1707,97.78
1708,97.78
1709,97.78
1710,97.78
1711,98.34
1712,98.34
1713,98.34
1714,98.34
1715,98.34
1716,98.34
1717,98.34
1718,97.88
1719,97.88
1720,97.88
1721,97.88
1722,97.88
1723,97.88
1724,97.88
1725,97.88
1726,98.43
1727,98.43
1728,98.43
1729,98.43
1730,98.43
1731,98.43
1732,98.43
1733,98.76
1734,98.76
1735,98.76
1736,98.76
1737,98.76
1738,98.76
1739,98.76
1740,98.71
1741,98.71
1742,98.71
1743,98.71
1744,98.71
1745,98.71
1746,98.71
1747,98.71
1748,98.71
1749,98.71
1750,98.71
1751,98.68
1752,98.68
1753,98.68
1754,98.68
1755,98.68
1756,98.68
1757,98.68
1758,98.68
1759,98.68
1760,98.68
1761,98.68
1762,98.4
1763,98.4
1764,98.4
1765,98.4
1766,98.4
1767,98.4
1768,98.4
1769,98.4
1770,98.4
1771,98.4
1772,97.93
1773,97.93
1774,97.93
1775,97.93
1776,97.93
1777,97.93
1778,95.82
1779,95.82
1780,95.82
1781,95.82
1782,95.82
1783,95.82
1784,95.82
1785,96.4
1786,96.4
1787,96.4
1788,96.4
1789,96.4
1790,96.4
1791,96.88
1792,96.88
1793,96.88
1794,96.88
1795,96.88
1796,96.88
1797,97.1
1798,97.1
1799,97.1
1800,97.1
1801,97.1
1802,97.1
1803,97.1
1804,97.1
1805,97.1
1806,96.61
1807,96.61
1808,96.61
1809,96.61
1810,96.61
1811,96.61
1812,96.61
1813,96.61
1814,96.61
1815,95.26
1816,95.26
1817,95.26
1818,95.26
1819,95.26
1820,95.26
1821,95.26
1822,95.26
1823,95.26
1824,95.26
1825,95.26
1826,96.77
1827,96.77
1828,96.77
1829,96.77
1830,96.77
1831,96.77
1832,96.77
1833,96.77
1834,96.77
1835,96.77
1836,96.77
1837,96.26
1838,96.26
1839,96.26
1840,96.26
1841,96.26
1842,96.26
1843,96.26
1844,96.26
1845,96.26
1846,95.38
1847,95.38
1848,95.38
1849,95.38
1850,95.38
1851,95.38
1852,95.38
1853,95.06
1854,95.06
1855,95.06
1856,95.06
1857,95.06
1858,96.08
1859,96.08
1860,96.08
1861,96.08
1862,96.08
1863,96.08
1864,96.08
1865,96.08
1866,95.9
1867,95.9
1868,95.9
1869,95.9
1870,95.9
1871,95.9
1872,95.9
1873,95.9
1874,95.53
1875,95.53
1876,95.53
1877,95.53
1878,95.87
1879,95.87
1880,95.87
1881,95.87
1882,95.87
1883,95.87
1884,95.87
1885,95.87
1886,95.78
1887,95.78
1888,95.78
1889,95.78
1890,96.94
1891,96.94
1892,96.94
1893,96.94
1894,96.94
1895,96.94
1896,96.94
1897,96.94
1898,96.94
1899,96.85
1900,96.85
1901,96.85
1902,96.85
1903,96.85
1904,96.85
1905,96.85
1906,96.85
1907,96.85
1908,97.18
1909,97.18
1910,97.18
1911,97.18
1912,97.18
1913,97.18
1914,97.18
1915,97.18
1916,97.18
1917,97.4
1918,97.4
1919,97.4
1920,97.4
1921,97.4
1922,97.4
1923,97.4
1924,97.4
1925,97.47
1926,97.47
1927,97.47
1928,97.47
1929,97.47
1930,97.47
1931,97.47
1932,97.47
1933,97.47
1934,97.48
1935,97.48
1936,97.48
1937,97.48
1938,97.48
1939,97.48
1940,97.48
1941,97.48
1942,96.76
1943,96.76
1944,96.76
1945,96.76
1946,96.76
1947,96.76
1948,96.76
1949,96.76
1950,97.36
1951,97.36
1952,97.36
1953,97.36
1954,97.36
1955,97.36
1956,97.36
1957,97.36
1958,97.55
1959,97.55
1960,97.55
1961,97.55
1962,97.55
1963,97.55
1964,97.55
1965,97.55
1966,97.55
1967,97.31
1968,97.31
1969,97.31
1970,97.31
1971,97.31
1972,97.31
1973,97.31
1974,97.31
1975,97.31
1976,97.05
1977,97.05
1978,97.05
1979,97.05
1980,97.05
1981,97.05
1982,97.05
1983,97.05
1984,96.8
1985,96.8
1986,96.8
1987,96.8
1988,97.1
1989,97.1
1990,97.1
1991,97.1
1992,97.1
1993,97.1
1994,97.1
1995,97.1
1996,97.1
1997,97.05
1998,97.05
1999,97.05
2000,97.05
2001,97.05
2002,97.5
2003,97.5
2004,97.5
2005,97.5
2006,97.5
2007,97.5
2008,97.5
2009,97.5
2010,97.5
2011,96.59
2012,96.59
2013,96.59
2014,96.59
2015,96.59
2016,96.92
2017,96.92
2018,96.92
2019,96.92
2020,96.92
2021,96.92
2022,96.92
2023,97.03
2024,97.03
2025,97.03
2026,97.03
2027,97.03
2028,97.03
2029,90.91
2030,90.91
2031,90.91
2032,90.91
2033,90.91
2034,90.91
2035,90.91
2036,90.91
2037,90.91
2038,90.91
2039,94.32
2040,94.32
2041,94.32
2042,94.32
2043,94.32
2044,94.32
2045,94.32
2046,94.32
2047,94.32
2048,94.32
2049,94.32
2050,95.6
2051,95.6
2052,95.6
2053,95.6
2054,95.6
2055,95.6
2056,96.68
2057,96.68
2058,96.68
2059,96.68
2060,96.68
2061,96.68
2062,96.68
2063,96.68
2064,97.35
2065,97.35
2066,97.35
2067,97.35
2068,97.35
2069,97.35
2070,97.35
2071,97.35
2072,97.35
2073,97.38
2074,97.38
2075,97.38
2076,97.38
2077,97.38
2078,97.38
2079,97.38
2080,97.38
2081,97.38
2082,97.75
2083,97.75
2084,97.75
2085,97.75
2086,97.75
2087,97.75
2088,97.75
2089,97.75
2090,97.75
2091,97.75
2092,97.75
2093,97.75
2094,97.9
2095,97.9
2096,97.9
2097,97.9
2098,97.9
2099,97.9
2100,97.9
2101,97.9
2102,98.16
2103,98.16
2104,98.16
2105,98.16
2106,98.16
2107,98.16
2108,98.16
2109,98.16
2110,98.16
2111,98.16
2112,98.16
2113,97.99
2114,97.99
2115,97.99
2116,97.99
2117,97.99
2118,97.99
2119,97.99
2120,97.9
2121,97.9
2122,97.9
2123,97.9
2124,97.9
2125,97.9
2126,97.9
2127,97.9
2128,97.9
2129,97.75
2130,97.75
2131,97.75
2132,97.75
2133,97.75
2134,97.75
2135,97.75
2136,97.75
2137,97.75
2138,97.75
2139,97.75
2140,97.75
2141,97.75
2142,97.75
2143,97.75
2144,97.75
2145,97.75
2146,97.75
2147,97.97
2148,97.97
2149,97.97
2150,97.97
2151,97.97
2152,97.97
2153,97.97
2154,97.97
2155,97.64
2156,97.64
2157,97.64
2158,97.64
2159,97.64
2160,97.64
2161,97.64
2162,97.64
2163,97.64
2164,97.37
2165,97.37
2166,97.37
2167,97.37
2168,97.2
2169,97.2
2170,97.2
2171,97.2
2172,97.2
2173,97.2
2174,97.2
2175,97.2
2176,96.97
2177,96.97
2178,96.97
2179,96.97
2180,96.97
2181,96.97
2182,96.97
2183,96.97
2184,96.97
2185,96.97
2186,96.97
2187,96.41
2188,96.41
2189,96.41
2190,96.41
2191,96.41
2192,96.41
2193,96.41
2194,96.41
2195,95.58
2196,95.58
2197,95.58
2198,95.58
2199,95.58
2200,95.58
2201,95.58
2202,95.58
2203,95.58
2204,92.68
2205,92.68
2206,92.68
2207,92.68
2208,92.68
2209,92.68
2210,92.68
2211,90.33
2212,90.33
2213,90.33
2214,90.33
2215,90.33
2216,90.33
2217,90.33
2218,79.91
2219,79.91
2220,79.91
2221,79.91
2222,79.91
2223,79.91
2224,79.91
2225,79.91
2226,79.91
2227,79.91
2228,79.91
2229,79.91
